129 127 0.2118156378600823
130 127 0.016049382716049384
128 129 0.02011522633744856
131 126 0.007433744855967078
127 130 0.002818106995884774
132 125 0.0006008230452674897
133 131 0.0022271604938271603
134 131 0.001953909465020576
126 131 0.0019967078189300413
135 131 0.0012872427983539095
124 133 1.3168724279835392e-05
136 131 0.0006419753086419753
137 131 0.00020905349794238682
139 132 0.00030123456790123455
138 132 0.0003934156378600823
125 132 8.23045267489712e-05
140 140 0.00017777777777777779
141 142 7.078189300411522e-05
142 143 8.065843621399177e-05
143 143 9.218106995884773e-05
144 149 2.6337448559670783e-05
146 146 1.1522633744855967e-05
145 147 3.292181069958848e-05
147 148 1.4814814814814815e-05
148 147 8.23045267489712e-06
149 149 1.646090534979424e-06
150 148 4.938271604938272e-06
122 130 4.938271604938272e-06
151 145 2.3045267489711933e-05
153 146 2.3045267489711933e-05
152 138 0.0002551440329218107
154 131 1.646090534979424e-06
156 132 1.646090534979424e-06
158 134 3.292181069958848e-06
157 138 2.4691358024691357e-05
159 134 1.646090534979424e-06
161 136 1.646090534979424e-06
163 136 4.938271604938272e-06
162 139 8.23045267489712e-06
160 140 6.584362139917696e-06
155 138 7.572016460905349e-05
165 136 1.646090534979424e-06
167 136 1.646090534979424e-06
168 139 1.646090534979424e-06
166 141 4.938271604938272e-06
171 140 1.646090534979424e-06
173 141 1.646090534979424e-06
170 143 3.292181069958848e-06
172 142 1.646090534979424e-06
174 144 1.646090534979424e-06
169 145 6.584362139917696e-06
164 142 6.584362139917696e-06
176 162 0.0016065843621399178
175 162 0.0018814814814814816
177 163 0.0011818930041152264
178 162 0.0016296296296296295
123 130 1.4814814814814815e-05
181 154 1.1522633744855967e-05
182 157 7.572016460905349e-05
183 157 2.7983539094650207e-05
184 157 6.584362139917696e-06
185 160 5.925925925925926e-05
180 154 3.292181069958848e-06
186 159 1.3168724279835392e-05
179 157 0.00023868312757201646
187 162 1.646090534979424e-05
188 160 1.646090534979424e-06
